1 16
1 16

1 1 0.030864 0.7 2.0 20.0 20.0 32.0

1 1 1 61.62
10.0 6.0 2.0 0.0

2 1 1 63.57
3.0 4.0 9.0 0.0

3 1 1 134.1
5.0 6.0 8.0 0.0

4 1 1 58.83
8.0 3.0 9.0 0.0

5 1 1 170.08
10.0 7.0 9.0 0.0

6 1 1 161.99
10.0 10.0 3.0 0.0

7 1 1 189.58
9.0 4.0 12.0 0.0

8 1 1 99.97
4.0 9.0 10.0 0.0

9 1 1 193.95
9.0 5.0 11.0 0.0

10 1 1 88.71
6.0 7.0 8.0 0.0

11 1 1 99.08
2.0 8.0 12.0 0.0

12 1 1 220.39
5.0 7.0 11.0 0.0

13 1 1 17.28
3.0 2.0 8.0 0.0

14 1 1 123.59
5.0 7.0 9.0 0.0

15 1 1 73.38
6.0 2.0 12.0 0.0

16 1 1 26.87
8.0 3.0 2.0 0.0

DueDate
9.8 21.4 45.3 9.3 49.7 13.7 18.8 27.3 34.6 48.9 14.3 17.3 45.0 29.2 39.3 49.9
