1 17
1 17

1 1 0.030864 0.7 2.0 20.0 20.0 32.0

1 1 1 25.87
5.0 4.0 4.0 0.0

2 1 1 158.59
4.0 10.0 8.0 0.0

3 1 1 200.84
10.0 7.0 7.0 0.0

4 1 1 22.51
2.0 4.0 7.0 0.0

5 1 1 121.49
4.0 8.0 8.0 0.0

6 1 1 31.75
8.0 2.0 4.0 0.0

7 1 1 72.62
4.0 4.0 9.0 0.0

8 1 1 111.76
9.0 8.0 5.0 0.0

9 1 1 46.28
3.0 3.0 11.0 0.0

10 1 1 26.63
2.0 5.0 7.0 0.0

11 1 1 96.11
6.0 7.0 6.0 0.0

12 1 1 81.0
7.0 5.0 4.0 0.0

13 1 1 31.77
2.0 6.0 6.0 0.0

14 1 1 32.05
2.0 9.0 7.0 0.0

15 1 1 119.94
9.0 2.0 12.0 0.0

16 1 1 25.96
8.0 4.0 2.0 0.0

17 1 1 236.53
9.0 6.0 10.0 0.0

DueDate
7.2 39.7 13.7 28.0 16.8 37.0 39.2 16.2 40.7 6.7 13.5 27.3 32.3 14.3 32.1 33.2 39.2
