1 18
1 18

1 1 0.030864 0.7 2.0 20.0 20.0 32.0

1 1 1 35.71
4.0 6.0 3.0 0.0

2 1 1 26.37
6.0 2.0 6.0 0.0

3 1 1 105.98
2.0 9.0 10.0 0.0

4 1 1 149.68
7.0 10.0 4.0 0.0

5 1 1 44.75
10.0 2.0 5.0 0.0

6 1 1 67.41
8.0 6.0 3.0 0.0

7 1 1 90.22
2.0 10.0 12.0 0.0

8 1 1 141.19
7.0 9.0 8.0 0.0

9 1 1 171.63
5.0 6.0 12.0 0.0

10 1 1 61.36
9.0 3.0 9.0 0.0

11 1 1 54.41
4.0 5.0 7.0 0.0

12 1 1 43.68
5.0 4.0 4.0 0.0

13 1 1 40.1
6.0 6.0 4.0 0.0

14 1 1 124.65
6.0 10.0 4.0 0.0

15 1 1 27.58
5.0 3.0 4.0 0.0

16 1 1 308.28
10.0 5.0 12.0 0.0

17 1 1 43.36
6.0 4.0 4.0 0.0

18 1 1 150.06
9.0 4.0 8.0 0.0

DueDate
41.4 40.2 42.9 12.8 13.3 39.8 37.9 39.0 35.5 8.5 38.1 15.5 26.2 15.6 36.5 20.9 39.9 38.2
