1 19
1 19

1 1 0.030864 0.7 2.0 20.0 20.0 32.0

1 1 1 115.89
6.0 4.0 10.0 0.0

2 1 1 66.66
10.0 8.0 3.0 0.0

3 1 1 54.17
8.0 5.0 4.0 0.0

4 1 1 122.6
6.0 5.0 9.0 0.0

5 1 1 196.8
8.0 6.0 8.0 0.0

6 1 1 20.7
2.0 7.0 5.0 0.0

7 1 1 100.83
2.0 10.0 10.0 0.0

8 1 1 15.97
8.0 3.0 2.0 0.0

9 1 1 283.47
9.0 8.0 9.0 0.0

10 1 1 30.27
10.0 4.0 3.0 0.0

11 1 1 40.33
3.0 4.0 11.0 0.0

12 1 1 169.34
7.0 9.0 7.0 0.0

13 1 1 154.99
7.0 5.0 10.0 0.0

14 1 1 145.21
5.0 8.0 12.0 0.0

15 1 1 180.9
6.0 10.0 12.0 0.0

16 1 1 37.78
9.0 8.0 2.0 0.0

17 1 1 55.61
3.0 6.0 10.0 0.0

18 1 1 71.44
6.0 8.0 4.0 0.0

19 1 1 273.97
10.0 4.0 12.0 0.0

DueDate
42.0 13.5 60.4 56.2 15.7 44.6 18.3 51.6 37.7 41.2 52.8 44.3 30.0 17.2 16.7 58.4 60.0 36.3 12.1
