1 50
1 50

1 1 0.030864 0.25 1 80 40 50

1 1 1 150
7 2 35 24

2 1 1 140
35 2 7 18

3 1 1 60
5 4 6 15

4 1 1 60
5 4 6 15

5 1 1 20.7
5 5 2.7 8.2

6 1 1 50
8 3 4 9

7 1 1 50
8 3 4 9

8 1 1 75
8 8 5 5.7

9 1 1 75
8 8 5 5.7

10 1 1 15
6 3 1 3.2

11 1 1 15
6 3 1 3.2

12 1 1 90
5 4.8 5 13

13 1 1 10.5
2.5 2 3.8 2

14 1 1 10
2.5 1.5 3 5

15 1 1 10
2.5 1.5 3 5

16 1 1 340
8 8 8 160

17 1 1 340
8 8 8 160

18 1 1 100
18 4.2 5 12

19 1 1 14
5 2.5 3 1.5

20 1 1 45
7 6.5 2 6

21 1 1 15
6 1.4 2 8

22 1 1 62
5 4 7.5 16

23 1 1 80
5 5.5 6 5

24 1 1 173.6
16.7 16.7 10.7 13.6

25 1 1 85
4.3 5 5 16

26 1 1 50
7 6 1.8 0

27 1 1 50
7 6 1.8 0

28 1 1 9.6
6.25 6.25 4 0.7

29 1 1 60
7 7 3 15

30 1 1 60
7 7 3 15

31 1 1 78.6
7.5 7.5 4.5 10.8

32 1 1 13.7
5 5 2 6.2

33 1 1 13.7
5 5 2 6.2

34 1 1 98
5 4 7.6 11

35 1 1 98
5 4 7.6 11

36 1 1 60
7 7 2.4 5.6

37 1 1 60
7 7 2.4 5.6

38 1 1 40
4.59 7.3 1.5 0

39 1 1 200
10 10 6 20

40 1 1 200
10 10 6 20

41 1 1 15
5 2.5 3 2.3

42 1 1 22.4
5 5 2.7 8.2

43 1 1 200
6 3 33 0

44 1 1 103.68
8.4 8.4 2.88 9.7

45 1 1 103.68
8.4 8.4 2.88 9.7

46 1 1 23.3
5 5 3 3.2

47 1 1 216
3 4.59 38 26

48 1 1 216
3 4.59 38 26

49 1 1 50
5 4 7.5 4

50 1 1 50
5 4 7.5 4

DueDate
51 65 72 71 49 55 50 62 71 61 62 67 59 72 53 50 62 47 73 59 60 66 71 71 47 69 61 55 70 72 54 65 50 57 47 47 47 67 64 47 59 68 53 60 70 47 63 54 71 61
