1 30
1 30

1 1 0.030864 0.25 1 80 40 50

1 1 1 150
7 2 35 24

2 1 1 140
35 2 7 18

3 1 1 60
5 4 6 15

4 1 1 60
5 4 6 15

5 1 1 20.7
5 5 2.7 8.2

6 1 1 50
8 3 4 9

7 1 1 50
8 3 4 9

8 1 1 75
8 8 5 5.7

9 1 1 75
8 8 5 5.7

10 1 1 15
6 3 1 3.2

11 1 1 15
6 3 1 3.2

12 1 1 90
5 4.8 5 13

13 1 1 10.5
2.5 2 3.8 2

14 1 1 10
2.5 1.5 3 5

15 1 1 10
2.5 1.5 3 5

16 1 1 340
8 8 8 160

17 1 1 340
8 8 8 160

18 1 1 100
18 4.2 5 12

19 1 1 14
5 2.5 3 1.5

20 1 1 45
7 6.5 2 6

21 1 1 15
6 1.4 2 8

22 1 1 62
5 4 7.5 16

23 1 1 80
5 5.5 6 5

24 1 1 173.6
16.7 16.7 10.7 13.6

25 1 1 85
4.3 5 5 16

26 1 1 50
7 6 1.8 0

27 1 1 50
7 6 1.8 0

28 1 1 9.6
6.25 6.25 4 0.7

29 1 1 60
7 7 3 15

30 1 1 60
7 7 3 15

DueDate
20 13 28 35 9 5 35 21 19 17 35 35 30 14 19 14 29 5 9 15 7 24 6 22 35 29 32 30 33 13
