1 20
1 20

1 1 0.030864 0.7 2 25 25 44

1 1 1 14
5 2.5 3 1.5

2 1 1 70
5 4 6 8

3 1 1 30
5 4 2 8

4 1 1 60
8 7 3 16

5 1 1 150
7 2 35 24

6 1 1 60
5 2 25 20

7 1 1 78.6
7.5 7.5 4.5 10.8

8 1 1 75
8 8 5 5.7

9 1 1 78.6
7.5 7.5 4.5 10.8

10 1 1 132
3.5 2 44 38

11 1 1 72
4.3 5 5 12

12 1 1 75
8 8 5 5.7

13 1 1 50
11 3 4 5

14 1 1 50
11 3 4 5

15 1 1 70
5 4 6 8

16 1 1 340
8 8 8 160

17 1 1 140
7 4.59 3.6 8

18 1 1 10
2 3 5 4

19 1 1 84
7.5 4 3 0

20 1 1 30
10 4 1 0

DueDate
39 38 41 16 28 46 43 32 19 39 16 41 38 11 42 24 25 32 21 27
