1 25
1 25

1 1 0.030864 0.7 2 25 25 47

1 1 1 150
7 2 8.3 0

2 1 1 40
4 4 4 20

3 1 1 180
3 4.5 47 12

4 1 1 78.6
7.5 7.5 4.5 10.8

5 1 1 140
7 4.59 3.6 8

6 1 1 80
4 7 7 10

7 1 1 173.6
16.7 16.7 10.7 13.6

8 1 1 30
5 4 2 8

9 1 1 132
3.5 2 44 38

10 1 1 10
2.5 1.5 3 5

11 1 1 60
5 2 25 20

12 1 1 75
8 8 5 5.7

13 1 1 173.6
16.7 16.7 10.7 13.6

14 1 1 150
7 4.59 3.6 12

15 1 1 150
7 2 8.3 0

16 1 1 200
24 6 10 0

17 1 1 50
8 3 4 9

18 1 1 70
5 4 6 8

19 1 1 14
5 2.5 3 1.5

20 1 1 50
11 3 4 5

21 1 1 30
7 5 2 6.3

22 1 1 150
7 4.59 3.6 12

23 1 1 60
8 7 3 16

24 1 1 100
4 4 12 35

25 1 1 50
8 3 4 9

DueDate
24 26 32 35 37 35 25 45 27 26 23 28 32 48 32 40 28 44 45 36 22 30 27 30 44
