1 25
1 25

1 1 0.030864 0.7 2 25 25 47

1 1 1 75
8 8 5 5.7

2 1 1 22.4
5 5 2.7 8.2

3 1 1 100
4 4 12 35

4 1 1 40
4 4 4 20

5 1 1 76
5 4 7.6 20.3

6 1 1 50
7 6 1.8 0

7 1 1 140
7 4.59 3.6 8

8 1 1 60
7 7 3 15

9 1 1 132
3.5 2 44 38

10 1 1 15
5 2.5 3 2.3

11 1 1 23.3
5 5 3 3.2

12 1 1 60
8 7 3 16

13 1 1 80
5 4 7.6 18

14 1 1 40
4.59 7.3 1.5 0

15 1 1 200
24 6 10 0

16 1 1 50
5 4 7.5 4

17 1 1 180
3 4.5 47 12

18 1 1 14
5 2.5 3 1.5

19 1 1 140
2 7 35 8.6

20 1 1 180
3 4.5 47 12

21 1 1 10
2.5 3 2.8 5

22 1 1 132
3.5 2 44 38

23 1 1 150
7 2 8.3 0

24 1 1 30
7 5 2 6.3

25 1 1 150
7 2 8.3 0

DueDate
16 21 25 13 17 39 39 36 10 7 6 38 13 35 41 21 40 17 40 19 23 7 17 30 33
