1 30
1 30

1 1 0.030864 0.7 2 25 25 47

1 1 1 30
5 4 2 8

2 1 1 75
8 8 5 5.7

3 1 1 40
4.59 7.3 1.5 0

4 1 1 80
4 7 7 10

5 1 1 60
8 7 3 16

6 1 1 50
8 3 4 9

7 1 1 40
4 4 4 20

8 1 1 220
10 2 20 10

9 1 1 30
10 4 1 0

10 1 1 102
6.3 2 46 36

11 1 1 8
3 1.6 2 0

12 1 1 140
7 4.59 3.6 8

13 1 1 8
3 1.6 2 0

14 1 1 180
3 4.5 47 12

15 1 1 20.7
5 5 2.7 8.2

16 1 1 30
10 4 1 0

17 1 1 14
5 2.5 3 1.5

18 1 1 60
5 2 25 20

19 1 1 140
2 7 35 8.6

20 1 1 180
3 4.5 47 12

21 1 1 9.4
4 4 2.5 0.7

22 1 1 340
8 8 8 160

23 1 1 50
8 3 4 9

24 1 1 173.6
16.7 16.7 10.7 13.6

25 1 1 76.5
12.5 12.5 8 5.8

26 1 1 10
2 3 5 4

27 1 1 150
7 2 35 24

28 1 1 150
10 6 8 52

29 1 1 100
4 4 12 35

30 1 1 20.7
5 5 2.7 8.2

DueDate
47 35 21 50 47 31 24 61 26 41 43 31 29 18 18 60 38 20 60 13 51 24 24 31 32 37 37 27 40 17
