1 20
1 20

1 1 0.030864 0.7 2 25 25 46

1 1 1 40
4 4 4 20

2 1 1 20.7
5 5 2.7 8.2

3 1 1 70
3 5 7 12

4 1 1 84
7.5 4 3 0

5 1 1 340
8 8 8 160

6 1 1 132
3.5 2 44 38

7 1 1 30
5 4 2 8

8 1 1 50
5 4 7.5 4

9 1 1 98
5 4 7.6 11

10 1 1 50
7 6 1.8 0

11 1 1 102
6.3 2 46 36

12 1 1 15
5 2.5 3 2.3

13 1 1 80
5 4 7.6 18

14 1 1 60
8 7 3 16

15 1 1 340
8 8 8 160

16 1 1 75
8 8 5 5.7

17 1 1 60
7 7 3 15

18 1 1 76.5
12.5 12.5 8 5.8

19 1 1 30
7 5 2 6.3

20 1 1 95
8.5 7.5 4.5 21

DueDate
15 29 28 14 13 26 15 15 18 24 24 21 23 16 22 20 19 18 15 17
