1 30
1 30

1 1 0.030864 0.7 2 25 25 46

1 1 1 20.7
5 5 2.7 8.2

2 1 1 150
7 2 35 24

3 1 1 80
5 4 7.6 18

4 1 1 150
7 4.59 3.6 12

5 1 1 72
4.3 5 5 12

6 1 1 50
7 6 1.8 0

7 1 1 75
8 8 5 5.7

8 1 1 100
4 4 12 35

9 1 1 140
2 7 35 8.6

10 1 1 76.5
12.5 12.5 8 5.8

11 1 1 75
8 8 5 5.7

12 1 1 9.4
4 4 2.5 0.7

13 1 1 30
10 4 1 0

14 1 1 102
6.3 2 46 36

15 1 1 14
5 2.5 3 1.5

16 1 1 70
5 4 6 8

17 1 1 173.6
16.7 16.7 10.7 13.6

18 1 1 15
5 2.5 3 2.3

19 1 1 220
10 2 20 10

20 1 1 340
8 8 8 160

21 1 1 173.6
16.7 16.7 10.7 13.6

22 1 1 50
5 4 7.5 4

23 1 1 80
5 4 7.6 18

24 1 1 22.4
5 5 2.7 8.2

25 1 1 72
4.3 5 5 12

26 1 1 98
5 4 7.6 11

27 1 1 304
10 8 14 80

28 1 1 23.3
5 5 3 3.2

29 1 1 173.6
16.7 16.7 10.7 13.6

30 1 1 60
5 2 25 20

DueDate
30 41 44 40 31 23 40 50 36 32 39 47 43 49 41 30 37 46 28 40 31 31 24 49 39 33 29 42 41 25
