1 20
1 20

1 1 0.030864 0.7 2 25 25 50

1 1 1 110
5.5 5 5 0

2 1 1 60
5 5 4.5 13

3 1 1 60
5 5 4.5 13

4 1 1 100
5 2 50 0

5 1 1 100
5 2 50 0

6 1 1 20
7 4 2 5

7 1 1 200
24 6 10 0

8 1 1 200
24 6 10 0

9 1 1 14
5 2.5 3 1.5

10 1 1 10
2.5 1.5 3 5

11 1 1 76.5
12.5 12.5 8 5.8

12 1 1 140
2 7 35 8.6

13 1 1 92
4.2 5 5 12

14 1 1 21.7
8.35 8.35 5.35 1.7

15 1 1 220
10 2 20 10

16 1 1 15
6 3 1 3.2

17 1 1 15
6 3 1 3.2

18 1 1 9.6
6.25 6.25 4 0.7

19 1 1 9.6
6.25 6.25 4 0.7

20 1 1 80
5 5.5 6 5

DueDate
18 22 25 21 20 17 16 23 26 22 14 25 25 14 17 15 22 13 24 12
