1 25
1 25

1 1 0.030864 0.7 2 25 25 32.5

1 1 1 173.6
16.7 16.7 10.7 13.6

2 1 1 173.6
16.7 16.7 10.7 13.6

3 1 1 75
8 8 5 5.7

4 1 1 75
8 8 5 5.7

5 1 1 50
8 3 4 9

6 1 1 10
2 3 5 4

7 1 1 60
5 2 25 20

8 1 1 60
5 2 25 20

9 1 1 23.3
5 5 3 3.2

10 1 1 80
5 5.5 6 5

11 1 1 80
5 4 7.6 18

12 1 1 80
5 4 7.6 18

13 1 1 40
4.59 7.3 1.5 0

14 1 1 100
4 4 12 35

15 1 1 100
4 4 12 35

16 1 1 22.4
5 5 2.7 8.2

17 1 1 22.4
5 5 2.7 8.2

18 1 1 76.5
12.5 12.5 8 5.8

19 1 1 10
2.5 1.5 3 5

20 1 1 10
2.5 1.5 3 5

21 1 1 80
4 7 7 10

22 1 1 80
4 7 7 10

23 1 1 78.6
7.5 7.5 4.5 10.8

24 1 1 70
3 5 7 12

25 1 1 76
5 4 7.6 20.3

DueDate
21 18 23 28 27 26 26 27 26 25 23 21 23 21 18 21 24 19 23 28 27 21 19 19 19
